Line 4150 4250 4650 4250 16 4 0 0
Line 4650 4250 5150 4250 8 0 0 0
Line 5050 5250 5250 5250 16 4 0 0
Line 5850 4250 5850 4150 8 0 0 0
Line 5150 4250 5850 4250 8 0 0 0
Line 4150 4450 4150 4250 8 0 0 0
Line 4650 5250 4650 4750 16 4 0 0
Line 4650 4550 4650 4250 16 4 0 0
Line 5150 5250 5150 4550 8 0 0 0
Line 5150 4450 5150 4250 8 0 0 0
Line 3950 4250 4150 4250 16 4 0 0
Line 6150 5250 6150 4750 16 4 0 0
Line 2900 5550 2900 4950 16 4 0 0
Line 2900 4250 2900 4000 16 4 0 0
Line 2900 4550 2900 4250 16 4 0 0
Line 2900 4950 2900 4850 16 4 0 0
Line 5850 5050 5850 4950 8 0 0 0
Line 5250 5250 5850 5250 16 4 0 0
Line 5850 5250 6150 5250 16 4 0 0
Line 5850 4950 5850 4850 8 0 0 0
Line 5850 4650 5850 4250 8 0 0 0
Line 2900 5550 3100 5550 16 4 0 0
Line 3550 5550 3550 5250 8 0 0 0
Line 4550 4950 5850 4950 8 0 0 0
Line 4750 5250 4550 5250 16 4 0 0
Line 3950 4650 3950 4250 16 4 0 0
Line 2900 4950 3550 4950 8 0 0 0
Line 3300 5550 4150 5550 16 4 0 0
Line 4150 4650 4150 4550 8 0 0 0
Line 2900 5850 2900 5550 8 0 0 0
Junc 3550 5550
Junc 4650 5250
Junc 4150 4250
Junc 4650 4250
Junc 5150 5250
Junc 5850 4950
Junc 5150 4250
Junc 5850 4250
Junc 2900 5550
Junc 2900 4950
Junc 5850 5250
Junc 3950 5550
Text "太線部は1点アースとし最短で配線すること" 4800 5850 70 8
Text "Gain=24k/100k = 0.24" 5200 3900 70 8
Text "-9V100mA" 5950 4200 70 8
Part 4850 5250 4744 5154 5056 5347 0 0 0 0
Name "L" 4900 5110 65 32798
Ref "L1" 4900 5310 65 30
Val "88uH" 4900 5190 65 30
Pin 4810 5250 4750 5250 0
Name "L1" 4828 5250 70 32792
No "1" 4760 5250 70 32778
Pin 4990 5250 5050 5250 0
Name "L2" 4972 5250 70 32794
No "2" 5040 5250 70 32776
Line 4870 5250 4870 5230 8 1 0 0
Line 4930 5250 4930 5230 8 1 0 0
Arc 4960 5250 30 0 180 8 0 0 0
Arc 4900 5250 30 0 180 8 0 0 0
Arc 4840 5250 30 0 180 8 0 0 0
PartEnd
Part 4650 4550 4531 4503 4760 4797 0 0 256 0
Name "CRS02" 4760 4559 70 1288
Ref "D1" 4612 4605 70 1288
Pin 4650 4600 4650 4550 0
Name "A" 4650 4618 70 33048
No "A" 4650 4550 70 266
Pin 4650 4700 4650 4750 0
Name "K" 4650 4682 70 33050
No "K" 4650 4750 70 264
Line 4675 4625 4650 4675 8 1 0 0
Line 4650 4675 4625 4625 8 1 0 0
Line 4625 4675 4675 4675 8 1 0 0
Line 4625 4625 4675 4625 8 1 0 0
Line 4650 4700 4650 4600 8 1 0 0
PartEnd
Part 5150 4550 5069 4091 5326 4917 0 0 768 0
Name "CEP_1" 5097 4506 65 34062
Ref "C5" 5326 4520 65 270
Val "470uF/25V(UUD1E471MNL)" 5237 4504 65 286
Pin 5150 4480 5150 4450 0
Name "C_MINUS" 5150 4498 70 33048
No "2" 5150 4430 70 266
Pin 5150 4520 5150 4550 0
Name "C_PLUS" 5150 4502 70 33050
No "1" 5150 4570 70 264
Line 5190 4480 5110 4480 8 1 0 0
Line 5190 4520 5110 4520 8 1 0 0
Line 5170 4480 5180 4520 8 1 0 0
Line 5140 4480 5150 4520 8 1 0 0
Line 5110 4480 5120 4520 8 1 0 0
Text "+" 5170 4550 60 286
PartEnd
Part 2900 4650 2793 4544 3005 4856 0 0 4352 0
Name "C_POL" 2720 4700 65 33030
Ref "C3" 2930 4700 65 262
Val "10u/50V" 2830 4700 65 286
Pin 2900 4680 2900 4550 0
Name "C_MINUS" 2900 4698 70 33048
No "2" 2900 4630 70 33034
Pin 2900 4720 2900 4850 0
Name "C_PLUS" 2900 4702 70 33050
No "1" 2900 4770 70 33032
Line 2940 4680 2860 4680 8 1 0 0
Line 2940 4720 2860 4720 8 1 0 0
Line 2920 4680 2930 4720 8 1 0 0
Line 2890 4680 2900 4720 8 1 0 0
Line 2860 4680 2870 4720 8 1 0 0
Text "+" 2920 4750 60 286
PartEnd
Part 2900 4000 2806 3864 2994 4006 0 0 4096 0
Name "AGND" 2900 3900 65 30
Pin 2900 3980 2900 4000 15
Name "AGND" 2900 3962 70 33050
No "1" 2900 4030 70 33032
Line 2940 3980 2860 3980 8 1 0 0
Line 2860 3980 2900 3940 8 1 0 0
Line 2900 3940 2940 3980 8 1 0 0
PartEnd
Part 5850 4850 5702 4627 5987 4856 0 0 8448 0
Name "R" 5842 4577 65 33038
Ref "R3" 5945 4663 65 30
Val "1.2K" 5768 4702 65 6
Pin 5850 4690 5850 4650 0
Name "R2" 5850 4708 70 33048
No "2" 5850 4640 70 33034
Pin 5850 4810 5850 4850 0
Name "R1" 5850 4792 70 33050
No "1" 5850 4860 70 33032
Line 5850 4810 5820 4800 8 1 0 0
Line 5820 4800 5880 4780 8 1 0 0
Line 5880 4780 5820 4760 8 1 0 0
Line 5820 4760 5880 4740 8 1 0 0
Line 5880 4740 5820 4720 8 1 0 0
Line 5820 4720 5880 4700 8 1 0 0
Line 5880 4700 5850 4690 8 1 0 0
PartEnd
Part 3100 5550 3054 5512 3367 5624 0 0 0 0
Name "R" 3373 5558 65 32782
Ref "R1" 3095 5587 65 1054
Val "1Ω" 3318 5548 65 14
Pin 3140 5550 3100 5550 0
Name "R1" 3158 5550 70 32792
No "1" 3090 5550 70 32778
Pin 3260 5550 3300 5550 0
Name "R2" 3242 5550 70 32794
No "2" 3310 5550 70 32776
Line 3140 5550 3150 5580 8 1 0 0
Line 3150 5580 3170 5520 8 1 0 0
Line 3170 5520 3190 5580 8 1 0 0
Line 3190 5580 3210 5520 8 1 0 0
Line 3210 5520 3230 5580 8 1 0 0
Line 3230 5580 3250 5520 8 1 0 0
Line 3250 5520 3260 5550 8 1 0 0
PartEnd
Part 5850 5050 5687 5044 5997 5256 0 0 8960 0
Name "R" 5858 5323 65 33030
Ref "R2" 5955 5137 65 30
Val "7.5" 5732 5098 65 14
Pin 5850 5090 5850 5050 0
Name "R1" 5850 5108 70 33048
No "1" 5850 5040 70 33034
Pin 5850 5210 5850 5250 0
Name "R2" 5850 5192 70 33050
No "2" 5850 5260 70 33032
Line 5850 5090 5880 5100 8 1 0 0
Line 5880 5100 5820 5120 8 1 0 0
Line 5820 5120 5880 5140 8 1 0 0
Line 5880 5140 5820 5160 8 1 0 0
Line 5820 5160 5880 5180 8 1 0 0
Line 5880 5180 5820 5200 8 1 0 0
Line 5820 5200 5850 5210 8 1 0 0
PartEnd
Part 5850 4150 5792 4027 5908 4156 0 0 512 0
Name "-9V" 5850 4100 65 6
Pin 5850 4100 5850 4150 15
Name "-12V" 5850 4082 70 33050
No "1" 5850 4150 70 33032
Line 5900 4100 5800 4100 8 1 0 0
PartEnd
Part 6150 4750 6056 4614 6244 4756 0 0 4096 0
Name "AGND" 6150 4650 65 30
Pin 6150 4730 6150 4750 15
Name "AGND" 6150 4712 70 33050
No "1" 6150 4780 70 33032
Line 6190 4730 6110 4730 8 1 0 0
Line 6110 4730 6150 4690 8 1 0 0
Line 6150 4690 6190 4730 8 1 0 0
PartEnd
Part 4150 4550 4065 4354 4188 4612 0 0 8448 0
Name "CAP_1" 4231 4495 65 34078
Ref "C4" 4102 4570 65 286
Val "1.5n" 4107 4417 65 286
Pin 4150 4480 4150 4450 0
Name "C2" 4150 4498 70 33048
No "2" 4150 4430 70 33034
Pin 4150 4520 4150 4550 0
Name "C1" 4150 4502 70 33050
No "1" 4150 4570 70 33032
Line 4120 4520 4180 4520 8 1 0 0
Line 4120 4480 4180 4480 8 1 0 0
PartEnd
Part 3850 5250 3544 4644 4655 5556 0 0 0 0
Name "MC34063ADG" 4200 5400 70 8
Ref "U2" 4250 4750 70 8
Pin 3750 5250 3550 5250 0
Name "Ipk" 3768 5250 70 24
No "7" 3700 5250 70 10
Pin 3750 4950 3550 4950 0
Name "V+" 3768 4950 70 24
No "6" 3700 4950 70 10
Pin 3950 4850 3950 4650 0
Name "GND" 3950 4868 70 280
No "4" 3950 4800 70 266
Pin 4150 4850 4150 4650 0
Name "CT" 4150 4868 70 280
No "3" 4150 4800 70 266
Pin 4350 4950 4550 4950 0
Name "InvIn" 4332 4950 70 26
No "5" 4400 4950 70 8
Pin 4350 5250 4550 5250 0
Name "Es" 4332 5250 70 26
No "2" 4400 5250 70 8
Pin 4150 5350 4150 5550 0
Name "Cs" 4150 5332 70 282
No "1" 4150 5400 70 264
Pin 3950 5350 3950 5550 0
Name "Cd" 3950 5332 70 282
No "8" 3950 5400 70 264
Line 3750 5350 3750 4850 8 1 0 0
Line 3750 4850 4350 4850 8 1 0 0
Line 4350 4850 4350 5350 8 1 0 0
Line 4350 5350 3750 5350 8 1 0 0
PartEnd
Part 2900 5850 2821 5844 2979 5973 0 0 4608 0
Name "15VA" 2900 5900 65 14
Pin 2900 5900 2900 5850 15
Name "15VA" 2900 5918 70 33048
No "1" 2900 5850 70 33034
Line 2950 5900 2850 5900 8 1 0 0
PartEnd
